iBMSC Clipboard Data xNT
9 72 110000 0 0 0
9 84 120000 0 0 0
9 96 110000 0 0 0
9 108 120000 0 0 0
9 144 110000 0 0 0
9 156 120000 0 0 0
9 168 110000 0 0 0
9 180 120000 0 0 0
9 216 110000 0 0 0
9 228 120000 0 0 0
9 240 110000 0 0 0
9 252 120000 0 0 0
9 276 120000 0 0 0
9 300 120000 0 0 0
9 324 120000 0 0 0
9 336 110000 0 0 0
9 348 120000 0 0 0
9 360 110000 0 0 0
9 372 120000 0 0 0
9 408 110000 0 0 0
9 420 120000 0 0 0
9 432 110000 0 0 0
9 444 120000 0 0 0
9 480 110000 0 0 0
9 492 120000 0 0 0
9 504 110000 0 0 0
9 516 120000 0 0 0
9 552 110000 0 0 0
9 564 120000 0 0 0
9 576 110000 0 0 0
9 588 120000 0 0 0
9 612 120000 0 0 0
9 624 110000 0 0 0
9 636 120000 0 0 0
9 648 110000 0 0 0
9 660 120000 0 0 0
9 672 110000 0 0 0
9 684 120000 0 0 0
9 696 110000 0 0 0
9 708 120000 0 0 0
9 744 110000 0 0 0
9 756 120000 0 0 0
9 768 110000 0 0 0
9 780 120000 0 0 0
9 816 110000 0 0 0
9 828 120000 0 0 0
9 840 110000 0 0 0
9 852 120000 0 0 0
9 888 110000 0 0 0
9 900 120000 0 0 0
9 912 110000 0 0 0
9 924 120000 0 0 0
9 948 120000 0 0 0
9 972 120000 0 0 0
9 996 120000 0 0 0
9 1008 110000 0 0 0
9 1020 120000 0 0 0
9 1032 110000 0 0 0
9 1044 120000 0 0 0
9 1080 110000 0 0 0
9 1092 120000 0 0 0
9 1104 110000 0 0 0
9 1116 120000 0 0 0
9 1152 110000 0 0 0
9 1164 120000 0 0 0
9 1176 110000 0 0 0
9 1188 120000 0 0 0
9 1224 110000 0 0 0
9 1236 120000 0 0 0
9 1248 110000 0 0 0
9 1260 120000 0 0 0
9 1284 120000 0 0 0
9 1296 110000 0 0 0
9 1308 120000 0 0 0
9 1320 110000 0 0 0
9 1332 120000 0 0 0
9 1344 110000 0 0 0
9 1356 120000 0 0 0
9 1368 110000 0 0 0
9 1380 120000 0 0 0
9 1416 110000 0 0 0
9 1428 120000 0 0 0
9 1440 110000 0 0 0
9 1452 120000 0 0 0
9 1488 110000 0 0 0
9 1500 120000 0 0 0
9 1512 110000 0 0 0
9 1524 120000 0 0 0
9 1560 110000 0 0 0
9 1572 120000 0 0 0
9 1584 110000 0 0 0
9 1596 120000 0 0 0
9 1620 120000 0 0 0
9 1644 120000 0 0 0
9 1668 120000 0 0 0
9 1680 110000 0 0 0
9 1692 120000 0 0 0
9 1704 110000 0 0 0
9 1716 120000 0 0 0
9 1752 110000 0 0 0
9 1764 120000 0 0 0
9 1776 110000 0 0 0
9 1788 120000 0 0 0
9 1824 110000 0 0 0
9 1836 120000 0 0 0
9 1848 110000 0 0 0
9 1860 120000 0 0 0
9 1896 110000 0 0 0
9 1908 120000 0 0 0
9 1920 110000 0 0 0
9 1932 120000 0 0 0
9 1956 120000 0 0 0
9 1968 110000 0 0 0
9 1980 120000 0 0 0
9 1992 110000 0 0 0
9 2004 120000 0 0 0
9 2016 1480000 0 0 0