iBMSC Clipboard Data xNT
41 132 140000 0 0 0
41 144 360000 0 0 0
41 156 140000 0 0 0
41 168 130000 0 0 0
41 180 130000 0 0 0
41 192 140000 0 0 0
41 204 130000 0 0 0
41 216 140000 0 0 0
41 240 360000 0 0 0
41 252 140000 0 0 0
41 264 140000 0 0 0
41 276 130000 0 0 0
41 288 120000 0 0 0
41 300 140000 0 0 0
41 324 140000 0 0 0
41 336 360000 0 0 0
41 348 140000 0 0 0
41 360 130000 0 0 0
41 372 130000 0 0 0
41 384 130000 0 0 0
41 396 130000 0 0 0
41 408 130000 0 0 0
41 432 360000 0 0 0
41 444 140000 0 0 0
41 456 140000 0 0 0
41 468 130000 0 0 0
41 480 120000 0 0 0
41 492 140000 0 0 0
41 504 150000 0 0 0
41 516 140000 0 0 0
41 528 360000 0 0 0
41 540 140000 0 0 0
41 552 130000 0 0 0
41 564 130000 0 0 0
41 576 140000 0 0 0
41 588 130000 0 0 0
41 600 140000 0 0 0
41 624 360000 0 0 0
41 636 140000 0 0 0
41 648 140000 0 0 0
41 660 130000 0 0 0
41 672 120000 0 0 0
41 684 140000 0 0 0
41 696 150000 0 0 0
41 708 140000 0 0 0
41 720 360000 0 0 0
41 732 140000 0 0 0
41 744 130000 0 0 0
41 756 130000 0 0 0
41 768 130000 0 0 0
41 780 130000 0 0 0
41 792 130000 0 0 0
41 816 360000 0 0 0
41 828 140000 0 0 0
41 840 140000 0 0 0
41 852 130000 0 0 0
41 864 120000 0 0 0
41 876 140000 0 0 0
41 888 150000 0 0 0
41 900 140000 0 0 0
41 912 360000 0 0 0
41 924 140000 0 0 0
41 936 130000 0 0 0
41 948 130000 0 0 0
41 960 130000 0 0 0
41 972 140000 0 0 0
41 984 150000 0 0 0
41 996 140000 0 0 0
41 1008 120000 0 0 0
41 1020 120000 0 0 0
41 1032 150000 0 0 0
41 1044 120000 0 0 0
41 1056 140000 0 0 0
41 1068 120000 0 0 0
41 1080 360000 0 0 0
41 1092 120000 0 0 0
41 1104 120000 0 0 0
41 1116 360000 0 0 0
41 1128 120000 0 0 0